114 232.083333333
256 235.45
176 208.441666667
204 229.766666667
208 244.525
178 224.975
168 229.725
224 228.675
204 217.858333333
120 198.583333333
210 228.575
194 226.358333333
170 222.108333333
216 219.7
192 228.841666667
184 222.058333333
184 228.858333333
180 234.05
186 231.125
214 228.866666667
172 206.791666667
194 231.383333333
172 216.033333333
118 221.55
170 225.858333333
170 230.275
118 238.116666667
192 218.225
132 232.583333333
164 238.433333333
164 208.025
220 210.358333333
160 222.816666667
158 211.675
248 235.266666667
144 226.541666667
178 228.958333333
208 224.758333333
180 218.116666667
186 218.675
148 222.933333333
188 213.775
128 215.316666667
214 215.483333333
198 223.008333333
176 223.733333333
146 230.358333333
148 202.95
178 246.4
184 213.475
136 231.033333333
212 241.391666667
180 238.408333333
172 232.7
168 235.108333333
174 234.441666667
152 235.525
188 217.383333333
192 233.716666667
180 242.225
170 232.216666667
192 233.825
158 216.133333333
222 229.566666667
168 245.35
128 244.766666667
210 239.35
202 223.783333333
236 239.566666667
238 224.033333333
142 177.041666667
172 177.175
86 176.391666667
132 190.375
184 215.091666667
192 205.891666667
170 196.616666667
166 223.916666667
130 208.475
208 222.925
146 199.166666667
178 204.533333333
160 211.016666667
160 219.025
114 212.625
196 230.05
104 210.725
138 212.341666667
180 225.958333333
156 205.708333333
118 207.333333333
196 232.583333333
158 227.116666667
194 232.833333333
170 221.858333333
118 219.266666667
192 237.658333333
184 220.166666667
204 216.666666667
128 205.025
