110 232.841666667
130 241.133333333
198 227.391666667
176 233.233333333
174 215.825
214 241.125
128 236.725
200 221.266666667
112 211.458333333
240 234.9
202 225.7
204 229.858333333
158 237.6
156 243.133333333
202 230.741666667
182 239.666666667
190 246.466666667
138 247.358333333
242 246.716666667
166 239.8
118 234.783333333
154 244.191666667
218 263.541666667
238 247.35
114 228.366666667
134 242.9
112 244.291666667
218 249.633333333
184 233.033333333
208 236.091666667
202 231.741666667
254 249.35
202 254.083333333
254 260.408333333
180 219.316666667
198 248.225
142 212.683333333
202 230.708333333
192 221.866666667
216 253.766666667
164 249.741666667
206 243.65
192 248.216666667
308 261.483333333
182 241.841666667
198 227.175
190 239.841666667
210 239.483333333
156 234.333333333
186 246.633333333
152 230.466666667
186 251.233333333
178 249.6
170 229.1
176 233.433333333
114 254.408333333
196 245.275
216 243.658333333
258 254.425
202 234.45
198 244.516666667
198 241.975
124 234.125
184 247.8
136 262.733333333
208 242.85
190 244.516666667
130 248.666666667
126 252.975
188 247.216666667
100 238.883333333
180 229.883333333
168 225.358333333
116 228.141666667
122 214.783333333
148 234.216666667
158 228.2
234 247.775
164 251.7
184 232.3
128 219.616666667
144 245.441666667
152 233.716666667
108 256.591666667
210 242.425
242 246.825
184 245.933333333
220 233.5
170 222.108333333
238 226.675
202 235.975
200 240.116666667
150 236.15
140 235.275
182 221.458333333
260 252.683333333
198 226.033333333
194 233.541666667
126 230.1
192 230.208333333
