150 218.641666667
146 225.091666667
264 242.8
166 233.233333333
118 225.791666667
178 214.658333333
174 231.816666667
162 235.016666667
136 237.0
162 222.25
196 230.416666667
210 242.85
176 242.716666667
266 234.391666667
258 233.791666667
224 213.941666667
154 216.016666667
128 224.616666667
174 227.391666667
178 224.025
212 236.591666667
112 231.325
140 236.541666667
132 235.166666667
210 241.658333333
196 225.45
190 224.916666667
138 219.941666667
174 242.058333333
208 228.141666667
188 226.808333333
206 236.683333333
214 239.816666667
164 236.783333333
180 234.875
182 234.225
192 221.075
222 227.716666667
130 232.341666667
182 218.0
166 227.9
184 212.525
156 233.408333333
194 229.183333333
180 223.341666667
188 224.216666667
204 229.366666667
208 235.741666667
192 221.216666667
206 223.533333333
228 226.866666667
174 240.35
172 225.791666667
220 228.158333333
140 240.975
182 241.708333333
156 230.7
206 240.533333333
182 220.075
144 231.516666667
200 234.216666667
186 237.333333333
162 250.725
142 248.425
178 233.483333333
170 236.516666667
162 236.975
140 244.991666667
230 239.525
188 229.075
126 237.625
156 229.3
226 230.366666667
224 236.975
196 238.325
208 253.3
196 237.133333333
198 246.341666667
152 236.658333333
260 241.116666667
216 226.475
116 220.425
176 237.683333333
154 242.675
194 245.441666667
150 227.133333333
144 241.716666667
162 231.216666667
152 239.691666667
136 248.791666667
200 228.941666667
138 227.8
214 238.8
142 248.816666667
164 249.225
170 242.558333333
112 239.483333333
200 232.741666667
194 229.441666667
180 244.008333333
