156 172.308333333
190 183.941666667
180 166.158333333
142 173.5
170 210.441666667
166 186.816666667
122 199.883333333
142 176.35
126 147.725
160 197.608333333
164 192.25
146 203.108333333
136 189.858333333
128 211.508333333
132 207.091666667
150 171.758333333
106 195.708333333
150 204.458333333
216 204.891666667
166 181.783333333
110 214.216666667
116 214.566666667
154 206.308333333
240 219.733333333
116 213.008333333
122 207.833333333
100 207.7
160 201.191666667
94 211.408333333
148 219.508333333
190 221.208333333
98 181.891666667
146 183.5
122 184.9
196 240.291666667
178 224.808333333
222 231.45
168 223.675
224 220.5
150 206.583333333
198 200.891666667
166 230.491666667
198 214.033333333
116 202.525
114 212.7
118 181.958333333
128 207.758333333
170 223.191666667
194 225.875
158 228.433333333
114 212.016666667
148 199.608333333
154 230.883333333
138 217.5
182 221.333333333
116 238.291666667
150 203.458333333
154 226.808333333
176 230.241666667
140 209.141666667
172 231.65
216 230.15
162 208.575
124 201.066666667
140 221.408333333
150 231.991666667
142 230.116666667
158 192.475
130 214.8
180 234.05
128 198.233333333
180 223.95
182 239.225
190 194.091666667
206 206.933333333
130 214.591666667
150 198.2
190 224.591666667
174 218.933333333
190 225.083333333
110 222.175
178 234.841666667
136 214.733333333
160 246.691666667
140 233.191666667
182 234.3
156 248.275
146 209.475
108 201.108333333
154 233.45
182 232.908333333
160 237.058333333
140 239.083333333
172 228.958333333
166 220.5
196 206.15
210 243.716666667
144 234.391666667
204 238.25
230 246.958333333
