110 173.341666667
110 175.983333333
164 156.483333333
126 184.158333333
144 170.408333333
150 180.208333333
146 190.05
92 214.008333333
162 210.241666667
124 193.516666667
206 206.991666667
124 205.733333333
180 193.166666667
168 219.625
146 161.366666667
178 214.983333333
108 186.725
174 197.7
128 208.366666667
160 190.825
128 191.066666667
122 188.166666667
102 194.933333333
134 204.15
178 196.958333333
216 228.05
136 200.433333333
78 230.166666667
152 197.85
188 202.225
148 175.775
130 176.633333333
120 189.825
168 187.616666667
116 202.716666667
176 201.066666667
158 209.95
186 217.3
88 208.166666667
124 216.675
178 224.541666667
168 222.375
130 202.108333333
162 217.708333333
134 225.483333333
118 233.1
146 210.625
134 213.0
142 209.008333333
122 209.85
210 229.783333333
144 198.116666667
166 202.258333333
198 226.925
150 196.566666667
146 207.966666667
190 225.366666667
226 208.641666667
126 229.333333333
104 190.391666667
104 224.65
210 235.833333333
116 208.491666667
162 205.875
194 197.091666667
112 231.1
184 220.883333333
164 222.308333333
100 214.65
124 224.191666667
146 215.833333333
194 226.608333333
188 220.166666667
112 228.175
118 223.958333333
188 229.825
126 194.383333333
112 200.616666667
184 203.8
150 235.45
102 222.325
128 211.158333333
186 230.958333333
188 211.308333333
184 228.825
116 206.375
104 234.158333333
138 192.833333333
156 193.458333333
166 196.383333333
138 233.083333333
254 217.608333333
150 201.291666667
150 205.625
142 213.941666667
140 220.283333333
110 225.433333333
130 229.183333333
226 227.641666667
116 200.108333333
