150 174.533333333
126 182.458333333
172 185.525
92 151.683333333
136 173.525
122 166.683333333
132 175.783333333
140 170.316666667
104 173.741666667
174 194.933333333
142 192.083333333
150 170.383333333
200 202.725
86 211.158333333
106 203.191666667
104 188.116666667
144 220.433333333
178 209.35
138 180.366666667
130 180.475
172 197.316666667
154 197.883333333
150 178.05
156 216.583333333
130 190.925
194 189.8
150 203.7
168 201.725
110 183.425
134 207.675
196 213.358333333
154 206.816666667
180 204.783333333
134 183.55
138 190.608333333
156 200.808333333
144 218.683333333
188 222.241666667
196 221.95
214 202.466666667
114 196.141666667
162 218.891666667
172 219.391666667
118 205.783333333
168 234.116666667
190 216.791666667
166 201.783333333
104 200.475
124 193.966666667
178 211.425
148 198.508333333
106 183.375
152 206.291666667
102 212.55
170 192.508333333
152 216.375
136 207.3
82 221.508333333
178 211.65
120 215.683333333
186 227.433333333
146 211.416666667
158 237.575
124 218.941666667
190 229.383333333
94 226.333333333
122 220.3
132 210.316666667
158 228.958333333
148 198.725
116 214.483333333
174 203.075
146 191.108333333
184 211.533333333
168 192.566666667
124 213.316666667
190 236.225
162 229.941666667
164 215.166666667
186 210.266666667
168 205.308333333
148 213.483333333
172 220.333333333
164 212.441666667
116 206.775
162 195.833333333
174 203.033333333
168 224.925
174 206.741666667
100 203.808333333
158 210.025
216 227.65
182 209.016666667
102 212.0
156 199.8
134 187.9
178 230.458333333
180 240.375
180 212.641666667
150 203.108333333
