156 187.908333333
174 177.35
112 156.608333333
172 166.941666667
128 181.375
154 184.508333333
132 175.508333333
178 184.958333333
96 183.7
106 183.641666667
120 176.1
146 201.158333333
124 195.9
178 189.483333333
192 192.558333333
138 180.166666667
104 181.908333333
158 189.841666667
176 198.616666667
94 190.9
118 191.483333333
172 192.983333333
172 207.85
170 188.175
112 159.283333333
126 180.533333333
188 207.075
142 205.65
182 210.35
158 211.975
124 176.091666667
176 199.175
136 217.283333333
128 205.816666667
126 208.883333333
150 220.225
128 203.458333333
200 216.708333333
110 203.583333333
114 204.833333333
130 196.141666667
162 210.2
76 206.833333333
138 200.7
178 195.716666667
104 186.675
172 202.483333333
114 220.683333333
182 221.158333333
164 212.483333333
180 211.516666667
166 222.441666667
164 210.008333333
188 207.0
174 201.158333333
164 192.525
172 204.55
194 201.533333333
128 206.525
150 220.383333333
100 215.716666667
184 229.666666667
106 200.958333333
158 209.291666667
246 211.925
160 197.625
180 204.675
98 182.075
116 208.591666667
174 216.275
130 189.625
126 201.258333333
128 224.5
190 188.233333333
106 207.066666667
174 217.166666667
160 230.783333333
148 214.425
178 221.008333333
122 208.066666667
212 195.933333333
152 184.866666667
194 218.883333333
226 195.841666667
120 196.333333333
120 212.991666667
190 211.383333333
138 214.141666667
146 212.658333333
126 225.183333333
128 224.25
174 215.658333333
136 217.541666667
180 224.4
164 214.816666667
210 236.308333333
162 220.233333333
162 221.025
164 226.633333333
158 216.525
