192 205.625
194 174.158333333
166 187.275
142 222.1
182 221.608333333
156 212.433333333
194 157.475
156 212.25
120 205.775
136 204.533333333
220 228.575
120 208.916666667
156 212.4
174 225.725
156 223.75
194 229.491666667
138 191.133333333
170 193.825
178 231.0
164 226.95
178 211.65
190 210.65
116 244.2
218 261.066666667
150 204.566666667
126 229.216666667
220 234.55
208 227.933333333
192 245.608333333
198 235.833333333
106 208.716666667
190 226.441666667
186 215.625
170 228.083333333
196 224.883333333
218 224.941666667
184 234.15
156 217.075
142 196.775
180 220.05
162 219.95
150 215.683333333
182 224.508333333
216 227.283333333
164 233.775
126 237.141666667
216 203.45
194 242.366666667
168 169.466666667
126 229.766666667
110 201.116666667
192 221.983333333
174 232.483333333
180 210.7
206 217.225
182 223.875
200 233.341666667
98 215.191666667
214 208.158333333
124 210.666666667
198 234.908333333
180 223.8
144 220.4
160 219.416666667
190 244.066666667
120 183.816666667
112 193.675
162 211.158333333
158 203.6
158 219.925
126 219.366666667
126 233.2
160 230.2
208 235.466666667
188 212.441666667
236 229.025
162 214.425
150 194.45
196 221.366666667
180 236.85
200 228.6
148 190.841666667
132 203.408333333
174 177.775
210 202.275
188 182.083333333
170 238.033333333
184 202.416666667
172 220.041666667
130 190.108333333
174 171.016666667
194 200.3
168 208.766666667
124 183.633333333
228 215.475
126 200.333333333
164 234.591666667
124 216.333333333
156 229.816666667
180 213.716666667
