120 202.516666667
198 248.458333333
92 203.358333333
174 198.083333333
120 207.825
134 206.241666667
186 222.583333333
206 221.141666667
206 225.908333333
208 239.633333333
186 229.7
134 221.933333333
178 210.058333333
172 205.958333333
176 202.875
114 234.058333333
136 220.083333333
188 244.541666667
204 236.875
224 240.266666667
220 261.925
182 240.683333333
172 245.133333333
206 243.325
174 225.508333333
146 238.758333333
162 222.6
150 218.391666667
208 259.183333333
246 229.008333333
190 258.816666667
208 238.108333333
238 248.725
166 222.808333333
188 241.658333333
140 240.491666667
252 247.658333333
158 224.4
126 239.791666667
190 246.283333333
190 249.441666667
138 249.475
162 248.591666667
176 233.575
208 261.833333333
158 250.7
184 254.058333333
140 243.7
214 253.466666667
220 222.891666667
118 237.3
198 224.191666667
204 235.441666667
202 239.325
148 224.441666667
162 218.75
166 217.25
192 248.35
168 238.8
222 243.491666667
110 219.0
190 238.333333333
130 228.808333333
168 226.775
186 238.216666667
170 221.033333333
178 225.175
132 241.283333333
280 255.733333333
208 237.741666667
124 227.658333333
96 230.225
158 229.991666667
174 230.941666667
180 231.416666667
146 244.108333333
146 238.166666667
152 225.725
136 244.375
130 249.5
228 234.041666667
126 209.6
94 207.15
148 221.691666667
192 239.791666667
138 224.433333333
124 200.1
168 215.283333333
174 237.191666667
118 236.708333333
136 226.983333333
190 239.525
208 232.441666667
176 232.5
120 232.058333333
148 241.308333333
146 242.091666667
182 231.366666667
180 242.008333333
188 217.283333333
