160 212.983333333
140 210.183333333
134 168.591666667
132 131.508333333
128 194.508333333
166 129.716666667
208 210.866666667
112 148.675
208 199.175
132 219.508333333
164 181.458333333
82 180.25
148 170.083333333
164 184.133333333
190 175.7
128 165.708333333
154 217.4
120 172.05
206 201.741666667
154 177.433333333
150 197.475
112 146.358333333
126 153.208333333
104 158.3
206 213.708333333
94 164.658333333
150 203.016666667
120 158.275
194 220.158333333
148 167.508333333
112 165.166666667
136 124.983333333
110 154.416666667
88 127.716666667
168 200.366666667
140 174.4
118 150.516666667
144 175.433333333
122 146.425
96 136.175
164 156.65
92 157.9
180 207.008333333
110 144.1
186 182.091666667
152 177.541666667
146 183.941666667
190 202.7
114 183.575
108 157.066666667
184 160.758333333
92 116.9
94 119.425
116 131.966666667
156 174.258333333
126 168.45
168 203.9
102 131.158333333
130 145.058333333
120 163.633333333
106 145.891666667
94 164.341666667
192 165.2
136 141.266666667
122 122.05
174 188.725
156 162.991666667
96 162.116666667
126 147.6
92 144.325
126 175.575
116 126.883333333
176 151.641666667
104 134.858333333
158 178.666666667
110 118.566666667
146 204.5
192 190.125
152 169.15
150 158.775
126 162.066666667
92 161.725
152 208.391666667
150 173.575
162 156.175
170 184.4
148 182.458333333
182 201.983333333
176 197.183333333
134 228.1
180 200.391666667
150 183.491666667
142 216.441666667
188 221.641666667
162 190.741666667
142 179.208333333
154 178.991666667
166 174.283333333
144 199.466666667
160 219.45
