154 215.041666667
186 184.5
116 150.141666667
142 179.308333333
184 227.166666667
148 196.508333333
110 194.65
102 200.666666667
148 192.616666667
148 207.608333333
142 204.166666667
174 229.208333333
174 230.116666667
170 214.575
134 196.283333333
116 194.658333333
122 195.45
182 223.1
192 214.083333333
142 222.241666667
212 223.891666667
152 182.508333333
180 218.525
160 237.6
118 218.841666667
188 242.733333333
148 204.275
196 236.416666667
202 206.016666667
148 223.383333333
152 192.708333333
168 211.833333333
138 205.433333333
120 185.408333333
174 224.45
182 197.3
198 219.291666667
154 182.925
122 199.125
178 211.475
214 217.708333333
190 212.775
174 209.975
158 212.866666667
140 220.6
144 186.433333333
164 204.883333333
164 219.141666667
192 196.925
190 213.808333333
122 205.933333333
118 192.425
180 212.425
156 193.983333333
136 183.658333333
124 162.275
148 182.225
184 183.816666667
120 180.708333333
118 202.958333333
174 226.633333333
168 206.666666667
142 196.116666667
160 207.091666667
140 210.891666667
126 181.141666667
142 182.741666667
168 176.483333333
118 193.741666667
180 210.5
128 216.825
132 236.183333333
170 199.791666667
182 204.091666667
130 200.45
174 220.4
182 218.058333333
178 216.941666667
106 174.158333333
136 218.2
132 177.6
146 197.5
132 182.316666667
118 178.741666667
120 185.441666667
132 186.2
180 208.925
196 205.216666667
172 188.083333333
100 132.916666667
120 164.25
166 206.291666667
124 194.7
112 203.508333333
158 197.783333333
122 174.033333333
122 217.566666667
146 195.016666667
138 206.825
182 192.608333333
