186 213.383333333
186 224.991666667
132 201.25
178 240.091666667
162 238.166666667
168 229.341666667
220 222.85
154 226.266666667
212 236.816666667
108 224.475
118 227.45
202 229.316666667
114 215.625
200 212.925
144 221.208333333
176 224.216666667
188 227.083333333
110 216.691666667
168 196.441666667
152 209.733333333
162 235.6
164 213.325
154 233.091666667
144 231.741666667
198 228.725
148 219.1
200 225.95
132 228.983333333
150 210.158333333
166 208.725
204 233.566666667
114 240.058333333
80 237.408333333
192 242.525
132 231.116666667
212 221.4
142 242.583333333
184 231.583333333
144 239.025
178 225.183333333
180 235.775
136 241.366666667
192 212.475
186 215.35
174 237.6
132 193.275
186 221.875
184 218.816666667
218 236.908333333
136 228.366666667
232 222.633333333
192 244.016666667
144 233.825
180 237.616666667
140 235.5
202 231.975
198 221.916666667
186 234.125
218 227.683333333
178 226.433333333
122 233.366666667
190 237.8
194 230.916666667
174 225.216666667
150 226.466666667
180 239.433333333
138 226.716666667
134 225.533333333
166 245.766666667
180 247.75
138 222.041666667
226 248.516666667
194 243.566666667
208 225.441666667
230 235.608333333
200 243.266666667
218 254.1
154 236.633333333
198 227.191666667
98 227.516666667
192 232.891666667
154 240.433333333
172 225.708333333
156 214.358333333
160 241.15
182 243.733333333
168 245.825
138 226.758333333
224 237.025
194 231.858333333
126 217.816666667
186 231.616666667
130 236.025
186 242.591666667
148 239.225
114 236.608333333
160 242.025
208 223.716666667
150 231.725
178 226.783333333
116 217.1
168 211.658333333
132 235.45
192 209.983333333
110 218.35
188 212.208333333
226 197.95
170 229.458333333
116 218.483333333
156 235.925
160 240.958333333
200 227.766666667
184 220.541666667
202 232.683333333
212 224.133333333
170 228.708333333
142 213.866666667
154 219.966666667
200 209.075
210 230.666666667
158 206.466666667
128 251.65
206 237.783333333
146 230.558333333
138 234.9
192 213.75
168 230.25
182 233.033333333
144 229.875
180 244.758333333
174 234.475
146 250.5
88 224.625
152 228.725
182 235.541666667
186 246.575
162 241.383333333
150 242.641666667
178 244.358333333
172 242.175
186 239.166666667
208 229.775
118 238.008333333
228 247.183333333
166 240.183333333
162 264.508333333
144 251.125
116 234.366666667
198 243.091666667
184 232.416666667
112 257.416666667
196 227.2
224 243.008333333
128 223.116666667
160 220.016666667
110 241.933333333
182 237.708333333
194 237.033333333
154 217.2
152 225.883333333
174 227.133333333
202 215.791666667
148 249.866666667
202 244.166666667
212 242.433333333
192 243.166666667
152 255.016666667
172 228.833333333
246 248.258333333
204 232.983333333
138 235.6
184 213.425
192 224.408333333
138 255.566666667
176 235.175
182 233.25
180 237.691666667
234 248.433333333
136 230.808333333
168 230.025
104 242.95
178 213.208333333
162 236.766666667
190 217.583333333
178 223.375
172 224.3
178 221.125
150 243.966666667
198 242.308333333
158 230.666666667
158 223.175
118 248.708333333
186 235.291666667
154 244.233333333
180 246.816666667
158 238.966666667
214 236.841666667
184 195.283333333
184 223.975
238 251.816666667
192 240.358333333
194 237.091666667
112 236.3
128 216.808333333
180 238.108333333
164 231.308333333
168 269.216666667
130 234.608333333
194 243.633333333
180 226.25
222 249.991666667
192 221.458333333
210 231.4
156 250.233333333
266 269.075
208 248.691666667
116 214.558333333
144 225.425
