162 203.8
176 217.308333333
124 232.141666667
160 221.575
182 211.275
214 236.508333333
120 244.425
168 255.083333333
166 222.725
194 223.108333333
192 233.775
200 234.475
116 222.925
182 258.175
166 206.85
150 200.85
172 243.875
188 214.125
160 218.725
140 213.95
148 219.725
196 231.95
202 231.175
194 230.116666667
198 212.358333333
166 222.5
194 211.433333333
144 221.95
160 235.783333333
156 235.766666667
166 228.333333333
204 239.916666667
108 241.266666667
168 210.008333333
126 210.766666667
184 237.475
176 236.158333333
130 231.25
108 206.141666667
208 251.791666667
174 215.191666667
126 214.875
182 235.841666667
128 229.858333333
196 234.608333333
232 223.175
126 211.591666667
148 218.033333333
254 233.35
152 204.991666667
128 230.541666667
208 221.691666667
140 216.758333333
174 222.033333333
102 234.558333333
170 231.208333333
172 226.916666667
222 232.541666667
192 240.15
106 230.716666667
200 232.216666667
152 239.133333333
184 236.191666667
186 255.266666667
204 248.541666667
210 238.266666667
192 225.216666667
146 232.175
208 249.55
164 228.691666667
172 234.516666667
152 221.35
166 241.025
150 248.466666667
216 231.333333333
198 240.608333333
160 247.0
176 221.675
224 228.0
126 245.466666667
166 223.85
210 246.475
184 203.8
206 233.691666667
174 238.166666667
160 243.008333333
120 205.483333333
184 235.275
146 237.266666667
182 252.241666667
138 242.016666667
186 227.266666667
132 243.158333333
120 233.533333333
168 221.341666667
130 231.058333333
156 218.858333333
104 249.875
136 231.75
182 212.675
158 254.958333333
124 232.666666667
182 223.691666667
152 220.916666667
144 232.6
198 243.258333333
182 231.8
224 238.566666667
212 217.141666667
148 233.466666667
158 205.05
194 252.116666667
150 226.641666667
222 241.408333333
162 206.025
178 234.025
194 233.175
162 239.891666667
96 241.15
180 218.983333333
210 231.366666667
180 223.675
152 239.825
152 237.641666667
222 223.816666667
188 254.75
172 200.2
162 235.116666667
198 216.375
170 224.625
156 230.25
154 243.35
134 222.016666667
230 261.516666667
184 210.375
202 231.391666667
190 242.066666667
256 238.15
166 222.266666667
130 238.066666667
126 239.641666667
192 241.766666667
200 250.175
174 229.833333333
204 224.8
210 241.358333333
166 227.891666667
214 244.691666667
152 214.433333333
252 251.308333333
118 235.333333333
170 253.916666667
182 250.591666667
112 240.658333333
210 240.041666667
218 233.841666667
192 218.891666667
130 237.25
116 230.766666667
142 213.9
194 225.883333333
180 238.183333333
212 234.566666667
156 221.983333333
158 229.016666667
192 233.75
152 212.058333333
226 253.675
200 212.766666667
124 239.466666667
184 222.441666667
154 218.941666667
206 220.45
200 219.775
182 250.408333333
178 233.583333333
198 236.208333333
138 221.558333333
196 209.658333333
198 211.041666667
206 229.883333333
160 224.475
190 233.166666667
160 238.733333333
200 251.9
194 226.291666667
144 218.983333333
198 238.033333333
224 225.15
182 222.85
150 211.25
156 242.333333333
236 221.558333333
164 229.616666667
186 247.133333333
194 232.125
176 208.933333333
164 239.475
202 224.075
216 249.291666667
148 231.258333333
166 246.966666667
90 229.175
164 249.816666667
130 244.4
174 225.908333333
254 236.575
206 233.058333333
216 237.941666667
168 229.708333333
124 240.133333333
172 221.716666667
192 225.4
106 247.15
136 207.483333333
210 238.633333333
106 227.083333333
202 218.583333333
174 211.475
180 207.075
206 224.633333333
240 241.85
172 220.075
148 218.083333333
184 235.375
186 213.108333333
178 228.5
192 224.816666667
230 205.3
