96 201.991666667
178 225.533333333
182 211.033333333
124 224.291666667
172 240.366666667
110 218.625
188 225.8
194 231.591666667
216 235.35
174 239.791666667
170 234.216666667
102 230.583333333
136 246.25
168 226.141666667
164 221.85
152 216.058333333
148 219.316666667
196 219.383333333
190 197.283333333
126 247.266666667
154 212.291666667
170 238.8
164 218.258333333
198 257.608333333
194 233.766666667
190 231.533333333
196 230.583333333
178 220.45
214 202.091666667
180 210.333333333
150 210.066666667
152 230.841666667
160 235.941666667
162 205.341666667
154 229.541666667
224 246.016666667
186 236.258333333
184 203.183333333
226 234.591666667
164 241.341666667
192 239.325
198 216.858333333
116 213.125
114 221.966666667
122 224.358333333
116 231.916666667
172 221.158333333
110 199.9
118 218.741666667
210 247.941666667
126 189.533333333
164 239.725
182 243.775
202 214.483333333
178 216.558333333
140 233.65
160 219.525
156 191.35
150 220.275
168 216.825
164 218.841666667
162 226.191666667
158 196.316666667
122 208.291666667
108 221.466666667
116 229.625
178 223.008333333
160 232.766666667
178 237.566666667
166 203.858333333
194 234.6
198 250.616666667
184 208.666666667
148 226.55
146 197.158333333
176 225.625
124 246.591666667
164 235.216666667
212 234.158333333
162 229.983333333
220 226.95
160 220.975
186 242.058333333
120 252.808333333
248 235.916666667
244 234.75
172 230.616666667
118 192.275
174 204.958333333
112 206.208333333
222 232.691666667
174 226.391666667
132 244.908333333
162 238.233333333
208 223.875
114 213.85
216 237.983333333
204 227.05
148 229.75
130 199.491666667
160 212.583333333
222 230.175
154 242.425
198 241.441666667
206 233.908333333
202 237.808333333
220 237.416666667
98 238.466666667
164 232.283333333
198 218.791666667
190 230.425
112 224.158333333
168 223.183333333
186 216.433333333
160 216.541666667
174 212.25
194 188.425
156 230.183333333
150 227.425
214 207.5
204 223.116666667
154 216.25
192 225.166666667
238 224.991666667
198 233.183333333
112 196.108333333
144 237.283333333
172 229.158333333
190 252.783333333
200 242.341666667
214 249.466666667
194 253.341666667
160 223.675
128 214.783333333
186 247.35
190 234.108333333
172 222.541666667
150 213.675
196 235.291666667
190 238.033333333
222 248.183333333
146 239.741666667
250 245.708333333
202 230.85
168 238.433333333
214 228.733333333
208 217.083333333
222 232.425
180 238.166666667
80 220.5
182 237.766666667
216 231.066666667
204 238.241666667
222 229.65
178 229.441666667
190 224.45
188 258.0
186 224.158333333
96 233.708333333
186 230.133333333
202 237.466666667
184 228.45
154 255.975
196 228.791666667
166 228.258333333
172 230.358333333
124 221.966666667
180 231.858333333
196 246.816666667
206 241.741666667
134 216.933333333
120 245.783333333
136 246.3
162 221.7
134 206.75
194 218.4
184 246.016666667
156 225.808333333
182 236.158333333
174 246.558333333
198 216.475
120 237.666666667
218 250.625
134 243.925
122 237.791666667
208 225.825
144 227.125
164 240.208333333
146 235.475
204 239.591666667
232 235.1
144 232.216666667
180 220.2
164 224.375
132 252.466666667
90 230.716666667
148 224.241666667
216 229.133333333
136 212.366666667
174 238.316666667
124 233.875
132 234.225
182 241.816666667
192 239.433333333
204 224.725
212 221.083333333
182 207.491666667
256 253.508333333
144 241.291666667
172 224.083333333
166 234.866666667
188 228.466666667
208 213.766666667
132 189.575
180 222.141666667
216 241.783333333
162 197.275
180 233.083333333
112 222.183333333
198 226.875
216 203.325
144 224.9
172 218.8
236 227.541666667
140 223.15
196 228.391666667
204 217.666666667
212 211.758333333
168 226.291666667
142 230.6
194 230.033333333
192 238.408333333
160 209.65
204 219.15
166 250.1
