140 194.675
154 208.05
156 231.316666667
174 229.875
108 224.083333333
198 221.983333333
178 197.483333333
124 240.066666667
182 214.608333333
202 226.95
108 242.275
142 226.8
214 215.825
198 216.883333333
148 232.533333333
148 213.875
188 239.1
192 223.941666667
130 216.533333333
128 233.358333333
186 218.775
118 228.766666667
210 224.5
182 232.858333333
220 231.35
166 231.4
220 236.666666667
176 216.375
198 229.683333333
110 207.608333333
186 226.316666667
200 236.941666667
164 232.558333333
114 244.416666667
142 218.225
124 235.325
194 247.983333333
176 229.858333333
166 237.491666667
138 245.333333333
114 241.116666667
136 251.925
206 222.116666667
110 204.0
194 213.391666667
162 217.266666667
164 216.608333333
218 219.3
204 253.841666667
204 245.991666667
194 181.0
154 208.258333333
142 242.483333333
124 238.141666667
198 254.475
202 237.341666667
164 231.066666667
208 239.408333333
118 222.391666667
176 232.816666667
174 226.616666667
132 239.183333333
180 202.925
152 242.908333333
104 231.741666667
110 236.641666667
200 238.55
114 240.425
138 242.641666667
240 243.408333333
168 244.841666667
170 218.816666667
196 225.408333333
150 237.15
220 251.983333333
184 212.375
172 220.516666667
180 244.291666667
154 231.091666667
126 229.858333333
154 227.45
198 227.875
164 211.35
170 235.508333333
212 232.841666667
202 231.033333333
178 250.558333333
166 236.95
120 243.391666667
178 248.191666667
206 258.9
154 237.6
154 245.158333333
200 242.208333333
180 236.458333333
148 227.016666667
196 244.466666667
230 248.358333333
162 234.325
202 252.166666667
130 229.133333333
142 222.508333333
200 227.125
160 229.683333333
144 234.35
206 214.591666667
190 229.683333333
148 232.083333333
178 225.5
214 224.25
172 224.433333333
166 231.8
178 226.441666667
94 236.641666667
214 233.8
142 220.191666667
200 216.975
180 237.575
130 260.158333333
182 238.2
128 231.225
154 220.625
158 247.8
210 233.941666667
176 235.4
178 239.633333333
142 261.883333333
162 256.208333333
232 244.45
194 229.675
166 238.125
134 244.666666667
126 245.325
192 242.391666667
186 260.3
168 229.366666667
116 236.825
200 254.016666667
166 239.725
118 243.366666667
172 260.758333333
220 251.108333333
164 242.783333333
180 236.516666667
138 254.458333333
192 233.375
158 216.525
154 222.958333333
152 239.425
172 228.566666667
178 241.491666667
202 243.25
120 242.341666667
170 264.058333333
216 252.125
196 254.641666667
178 272.925
166 239.058333333
158 246.433333333
188 266.166666667
198 258.075
190 252.833333333
176 254.941666667
184 255.066666667
192 234.55
136 239.9
218 256.741666667
162 251.5
166 236.891666667
208 255.358333333
174 248.858333333
168 254.075
238 254.133333333
126 212.408333333
102 211.933333333
192 225.583333333
124 242.05
184 249.008333333
146 230.725
144 264.125
196 247.083333333
222 251.583333333
128 259.95
180 247.883333333
236 240.425
146 228.2
220 258.116666667
190 235.966666667
210 249.866666667
190 269.191666667
198 233.158333333
154 242.958333333
120 236.133333333
184 215.866666667
182 244.658333333
196 242.316666667
118 243.558333333
206 251.95
224 233.116666667
194 230.558333333
122 245.933333333
198 255.591666667
148 259.733333333
174 239.425
122 228.933333333
148 228.858333333
174 248.75
178 242.716666667
214 243.575
190 244.791666667
192 247.1
140 237.116666667
214 249.133333333
220 258.633333333
200 259.333333333
152 248.008333333
166 250.35
200 258.166666667
168 218.941666667
186 247.433333333
120 262.283333333
186 248.8
280 246.983333333
164 264.116666667
142 252.308333333
228 258.616666667
212 251.65
188 271.841666667
178 241.366666667
196 240.625
180 244.716666667
192 271.15
138 245.416666667
184 228.016666667
184 261.9
112 260.475
206 251.466666667
168 242.058333333
174 259.191666667
146 238.525
212 243.65
250 263.166666667
134 231.916666667
172 250.408333333
280 266.1
192 252.05
160 246.941666667
184 245.55
206 244.7
168 245.766666667
178 247.866666667
198 262.958333333
184 240.291666667
184 262.008333333
234 253.141666667
166 257.441666667
176 252.591666667
208 249.991666667
226 245.616666667
94 249.891666667
216 252.5
